0	doc_label,doc_content	0.005124790645049592	0.009167097600249864	0.04313097689610077	0.0059759749414971435	0.026597037982173413	0.00965496167580396	0.12864369483023544	0.2459067997989802	0.08927149233954901	0.0022276484049298783	0.1800174908079104	0.07773997244506152	0.097853413621183	0.026787722837346168	0.0035066631953680387	0.006779550234546439	0.006450327593599502	0.024761247128032227	0.008078623082164576	0.0023245139402190518
1	doyle-northangerabbey-1,seen	5.523101644266339E-5	0.011318713928663958	0.006074791229348794	6.440442022223899E-5	0.0021566285787073466	1.0405368414117005E-4	0.13602543868706501	0.11671935964387964	0.06641162091002817	2.4007865726184096E-5	0.2824380404350622	0.17848652378690993	0.11512375514552285	0.04516836954761606	3.779209454913851E-5	7.306473111048879E-5	0.015029407378206933	0.024576679979397317	8.70651301075332E-5	2.505180729235357E-5
2	doyle-northangerabbey-2,addition	3.463507383863994E-5	6.195435565302016E-5	0.014363394517087949	4.038766609062382E-5	0.002525068596516251	6.525150659056297E-5	0.16504159306208435	0.13769029542383665	0.029919786911909708	1.5055203682477101E-5	0.3917118648784622	0.13186313337074357	0.10502792374035719	0.00838964928546676	0.01175028317157385	4.581850054559886E-5	4.359350224453384E-5	1.673449087026868E-4	0.0012272564707803977	1.5709853832996068E-5
3	doyle-northangerabbey-3,morning	4.545581484506217E-5	8.131022709895288E-5	0.004999628888422651	5.3005640478567634E-5	2.359101312972876E-4	8.563747881007712E-5	0.38743558102792997	0.06835909040925843	0.006947907618971117	1.9758772689027717E-5	0.3878912557900015	0.07456259635939563	0.04703860116641152	2.3760146584553168E-4	0.013882301957125321	0.0015991552500825713	5.721304870626906E-5	0.006375715315900776	7.165568712170581E-5	2.0617949608035285E-5
4	doyle-northangerabbey-4,usual	5.411782099408647E-5	9.680460751013588E-5	0.0022877596683194565	6.310633244335374E-5	2.808648860383351E-4	1.0195645517356888E-4	0.1754266252723257	0.14185129497660304	0.03392404063935009	2.35239809712443E-5	0.4764657235855707	0.06311900827473636	0.10180962831933892	0.002115174804103213	3.7030385090324486E-5	7.159209252147914E-5	6.811549939134273E-5	2.614789232335985E-4	8.531030984877374E-5	0.0018568431664363132
5	doyle-northangerabbey-5,catherine	6.118012871461627E-5	1.0943748729804151E-4	0.008800535385048313	7.134162962720963E-5	0.006531743352381896	0.006329487595823765	0.05332097417744351	0.1562198936433749	0.0031371383104337805	2.6593830964816075E-5	0.44128769596834344	0.1935690700124347	0.1192384743422264	0.010676837063052742	4.186280387056634E-5	8.093477074569247E-5	7.700448657528326E-5	2.9560159455309316E-4	9.644319821749831E-5	2.7750218869700823E-5
6	doyle-northangerabbey-6,following	5.050850565110593E-5	9.034835430667223E-5	0.03975724303461593	5.889754040880533E-5	2.621329799145942E-4	9.515660641369214E-5	0.4151105629880303	0.017814432475057172	0.0043000223950592385	2.19550806739324E-5	0.42929763874852855	0.004186370954815687	0.05226722831681679	0.027625512260520603	3.456069332136744E-5	0.00861728608659634	6.357262769895105E-5	2.440399378465818E-4	7.962065338080084E-5	2.2909760342901257E-5
7	doyle-northangerabbey-7,half	9.335961332068445E-4	4.790910276270719E-5	0.02198892181697775	3.1231651506769825E-5	0.008300317974125788	5.045877891422075E-5	0.2582071936401899	0.07655063282278836	0.0013733637842586624	1.164214029400727E-5	0.4407450849472773	0.08655351434469852	0.08393819242087129	1.3999804759996833E-4	1.8326529803338344E-5	0.020892128979744587	3.3710714231564544E-5	1.29407276427094E-4	4.222051518400454E-5	1.2148379137172544E-5
8	doyle-northangerabbey-8,spite	2.8515703963153355E-5	5.100817954828456E-5	2.399922755866869E-4	3.325192073700919E-5	0.0011134646086540369	5.372278557149772E-5	0.24980747689685187	0.13846525623367156	0.04587389493861484	1.2395230722318898E-5	0.4904957591698737	0.0062253954828244504	0.0652310787476901	0.00207999721546261	1.9512010636803828E-5	3.772322829975475E-5	3.5891345591281774E-5	1.3777819266500311E-4	4.495161660182771E-5	1.2934216433121866E-5
9	doyle-northangerabbey-9,progress	8.044734116086557E-4	4.128294663586141E-5	0.011915153074089873	2.6912100794077643E-5	0.002463960192371394	4.347998516156715E-5	0.25296976147929007	0.0706515245851434	0.0379089605978918	1.0031952776599142E-5	0.4383916183947553	0.056610498215443096	0.11061729856238704	0.017311314785034098	1.5791845563024464E-5	3.0530907682306535E-5	2.904829221226296E-5	1.115093662574367E-4	3.638112957182305E-5	1.0468175330189944E-5
10	doyle-northangerabbey-10,allens	2.055698342780673E-5	3.677181889009629E-5	0.0015650283103491583	2.3971324166385786E-5	1.0668823507091657E-4	7.34737666644256E-4	0.2455111544666488	0.1213959391278943	0.010102217601116625	8.935727235484069E-6	0.4559119131798802	0.09148900120553306	0.07208143306324066	1.0745312590826358E-4	1.406621698072956E-5	2.719469173910142E-5	7.218829737830565E-4	9.932435920177182E-5	3.240564001965139E-5	9.324282269549445E-6
11	doyle-northangerabbey-11,morrow	2.6662301929438126E-5	4.76928602479769E-5	0.06612295027248051	3.10906843320253E-5	1.383740929582069E-4	5.0231028181824984E-5	0.27419342880085057	0.03648543601708894	0.07539020103337313	1.1589592332370663E-5	0.4559074171255483	0.0347078091594323	0.056477730455868305	1.3936615244592438E-4	1.8243811182816852E-5	3.527137551928642E-5	3.355855755990043E-5	1.2882318377527388E-4	4.202994867680407E-5	1.2093546216014938E-5
12	doyle-northangerabbey-12,mrs	3.976437722471678E-5	7.112952553178962E-5	0.0030273107101845224	4.636890330118991E-5	2.0637226467092672E-4	7.49149701437486E-5	0.2298732529012869	0.1728911915684532	0.028965480910828324	1.728481368955768E-5	0.3972160481597675	0.02483703334482605	0.1367379890741565	0.004246823798487529	2.7208970621139602E-5	5.2604020654157475E-5	5.004950980829934E-5	0.0015384519492307386	6.268381246086742E-5	1.8036414672328272E-5
13	doyle-northangerabbey-13,monday	2.5913730985712537E-5	4.6353835226833376E-5	0.0010954688772718956	3.021778209826123E-5	1.3448910112115434E-4	4.882074154303858E-5	0.24280604260501384	0.14864246910208853	4.514052568010384E-4	1.1264202870778125E-5	0.45363586001272443	0.00828947224791697	0.13999745396191363	0.0045223292144551215	1.773159783415643E-5	3.428109617548302E-5	3.261636730306638E-5	1.2520634331987721E-4	4.084991559380175E-5	1.1754007742260127E-5
14	doyle-northangerabbey-14,next	0.014731441942250479	4.0899443424670425E-5	0.00948205877126611	2.6662097392783152E-5	1.1866395424720493E-4	0.01862233179129146	0.22894396819659293	0.16134320549918	0.008139645572962035	9.938759668600402E-6	0.3174246395043617	0.14820675069417852	0.0755277362057311	1.1951470382860647E-4	1.564514519452918E-5	3.0247286911724986E-5	2.877844438765686E-5	0.01714145789483582	3.604316241699236E-5	1.037092987700442E-5
15	doyle-northangerabbey-15,early	2.3557492436937308E-5	4.213905451828707E-5	1.9826325256995538E-4	2.7470192294320257E-5	0.0017174579919277382	4.4381654278185715E-5	0.18962224722592005	0.1981372663509492	0.0075887493325276995	8.078387317233915E-4	0.4091980545148277	0.03624929623204752	0.12886320704413246	0.02405109926490568	1.6119330022498823E-5	8.28762785085153E-4	2.9650683125713883E-5	0.0025066180211940864	3.713558569320202E-5	1.0685259820157151E-5
16	doyle-northangerabbey-16,catherines	2.879369894483498E-5	5.1505450033258776E-5	0.004141867167564651	3.3576088329298274E-5	1.4943578333737604E-4	5.4246520311139153E-5	0.2366446685645824	0.1359155963551578	5.015729720128385E-4	1.2516069820033022E-5	0.4250858884918614	0.04333167069386667	0.1536065490125127	1.5050714852933515E-4	1.970223006980674E-5	3.809098594563691E-5	3.624124450919275E-5	1.3912136996111778E-4	4.538984263510157E-5	1.3060310015277086E-5
17	doyle-northangerabbey-17,allens	5.138727624872945E-5	9.192027721915772E-5	4.3248272527551227E-4	5.992226735561153E-5	0.036803475590877384	9.681218554453414E-5	0.04478610436877118	0.216466906608607	0.026992844037375677	2.23370654330535E-5	0.32193687382684655	0.11560939984763642	0.1854049515322653	0.02984600059680006	3.5161996423345795E-5	6.797987369129011E-5	6.467869400036581E-5	0.021126446943826913	8.100593073661763E-5	2.3308355065283467E-5
18	doyle-northangerabbey-18,mind	4.019732622152088E-5	7.190397389163965E-5	3.383064926213519E-4	4.687376145736589E-5	2.0861921712418758E-4	7.57306338969127E-5	0.30450815743634735	0.13530511202236065	0.004783166638112279	1.7473008331826294E-5	0.3974579333956249	0.022385490347436966	0.1341438255085128	2.1011489213996348E-4	2.7505218100835384E-5	5.317676589901254E-5	5.059444189511625E-5	1.9421982230994662E-4	6.336630507397742E-5	1.8232792641338017E-5
19	doyle-northangerabbey-19,days	5.1747406478123815E-5	9.256446918529149E-5	0.003939593394615573	6.034221216420878E-5	2.685627240026128E-4	9.749066078458317E-5	0.14847032549420197	0.189951303130248	9.014159837857446E-4	2.2493607150880027E-5	0.47311644865484814	0.0025370167182661384	0.17794409960539814	2.704881581116878E-4	3.5408417303421464E-5	6.845628749045989E-5	0.001817171853310881	2.500258856968703E-4	8.157363322151443E-5	2.3471703735795528E-5
20	doyle-northangerabbey-20,mr	2.388130329327846E-5	4.27182792963699E-5	0.193447349427099	2.784778538978625E-5	0.017912309001687495	4.499170483921752E-5	0.047496080487024514	0.12809017728185285	0.07076091093192753	1.0380745453535225E-5	0.318603810341532	0.12002946750523344	0.057055345260824716	1.2482963264712156E-4	1.634089919299537E-5	3.1592411584581695E-5	8.386204279295016E-4	0.04539486840351823	3.764603500508172E-5	1.083213466865196E-5
21	doyle-northangerabbey-21,moments	2.449528816455032E-5	4.381656011013601E-5	0.20173825373252974	2.8563747945002686E-5	0.006761929131499529	4.614843509655584E-5	0.05037589827577687	0.11230830277867057	0.30479821891247155	1.0647632925409035E-5	0.19078163616212135	0.11067515488909292	0.02203082131223707	1.280389845401285E-4	1.676102135987483E-5	3.240464794043362E-5	3.0831041520417316E-5	1.1835290955752283E-4	3.8613909147989013E-5	1.1110627292293805E-5
22	doyle-northangerabbey-22,folding	2.2396376525656188E-5	4.006207935556526E-5	1.884911336656374E-4	2.6116224869974385E-5	1.1623446075623453E-4	4.219414450441291E-5	0.1332622862459397	0.20050393652875748	0.1073084905009968	9.735276209142429E-6	0.2919686185511546	0.10346666435408791	0.12857800918618967	1.1706779232233755E-4	1.5324830751474195E-5	2.9628012194834442E-5	2.818924235268664E-5	0.034231091236560415	3.5305224523033E-5	1.01585982823653E-5
23	doyle-northangerabbey-23,hour	2.936627302844511E-5	5.252965626359483E-5	0.1364621081030802	3.4243762115955316E-5	0.01804926307865167	0.01695791117808079	0.045479298326433173	0.07995641578216185	0.15164055068583082	1.2764956815112594E-5	0.2794270763692874	0.18040829540714365	0.06220544861367527	0.005124848849801826	2.009401670162881E-5	3.884844025581132E-5	3.696191597983283E-5	0.024004362127655984	4.629243759526258E-5	1.3320019441738354E-5
24	doyle-northangerabbey-24,next	2.771301996358667E-5	4.957235844341765E-5	0.12877960790157586	3.231591772740629E-5	0.003897005910449787	5.221055145495219E-5	0.08232729585771588	0.1617781655496095	0.0990036894191655	1.2046319351075914E-5	0.25055985450365276	0.10363280451640841	0.13939676858573727	1.4485834625996066E-4	1.8962770163632446E-5	3.666136316721794E-5	3.488104583272536E-5	0.030159329649361147	4.368628072067371E-5	1.257013323913112E-5
25	doyle-northangerabbey-25,visions	2.6710526179258713E-5	4.7779122582464874E-5	2.247996391097756E-4	3.114691822106791E-5	0.0019473297838454922	5.03218813143938E-5	0.16707139187118625	0.22736984848538	0.0013696377684929246	1.1610554490755717E-5	0.31836605525059164	0.08179692609755437	0.17324138116575727	0.02365278859267271	1.8276808862855437E-5	3.533517104710916E-5	3.3619255104608686E-5	0.004650819719255938	4.21059684724804E-5	1.2115419878517199E-5
26	doyle-northangerabbey-26,subject	3.207721220956988E-5	5.737891661059418E-5	0.002442077428400723	3.740496532139233E-5	1.6647681643820807E-4	6.0432567103827724E-5	0.1647995891322277	0.15901723220634098	0.020107769134189886	1.3943350189782061E-5	0.3812461923279915	0.1351574730248203	0.11247620220444804	1.6767035564559717E-4	2.1948990164889067E-5	4.2434723020159776E-5	4.03740447897132E-5	0.024048207035954824	5.0565910866631105E-5	1.4549653265648359E-5
27	doyle-northangerabbey-27,next	6.8565546560384E-5	1.2264833841372152E-4	0.009862900444596126	7.995370278993035E-5	0.002677307548383092	1.2917556446145393E-4	0.3104754254899936	0.03811194468907552	0.001194380236865867	2.980413074550223E-5	0.34366321547488493	0.05675515536288092	0.23113381165611796	0.005001319487204402	4.691631234260216E-5	9.07048891283554E-5	8.63001569392688E-5	3.312854242134294E-4	1.080854312788397E-4	3.110011312409598E-5
28	doyle-northangerabbey-28,soon	2.2619351779275294E-5	4.0460931924175317E-5	0.030057956354940144	2.637623442363077E-5	1.1739167510904342E-4	4.261422362128858E-5	0.10548727427089608	0.2231776875858406	0.0417491414061794	9.83219928414516E-6	0.3523130885228236	0.05548328550024049	0.18959329147336482	1.1823330320994919E-4	1.5477402665040902E-5	2.9922984621548437E-5	2.846989058414142E-5	0.0016409602341014458	3.5656718497207116E-5	1.025973589388162E-5
29	doyle-northangerabbey-29,catherine	2.3096940176985713E-5	4.131523013024691E-5	1.9438717835361497E-4	2.693314620690999E-5	0.001683881448852465	4.3513986752326314E-5	0.14603282158789346	0.20755774994285123	0.026208522004531856	1.003979781958979E-5	0.3480217964856304	0.09262702435029549	0.14120201929728485	0.023580896922681664	1.580419487428045E-5	3.055478302229716E-5	2.9071008138691727E-5	0.012623685753183933	3.6409579817941134E-5	1.0476361501649058E-5
30	doyle-northangerabbey-30,catherines	2.678319053179375E-5	4.790910276270719E-5	2.2541119277653588E-4	3.1231651506769825E-5	1.39001490050334E-4	5.045877891422075E-5	0.027876706200727037	0.248845091931048	4.6655084158361165E-4	1.164214029400727E-5	0.33827522242499664	0.09652845671412408	0.2870642915800826	1.3999804759996833E-4	1.8326529803338344E-5	3.543129821842063E-5	3.3710714231564544E-5	1.29407276427094E-4	4.222051518400454E-5	1.2148379137172544E-5
31	doyle-northangerabbey-31,mr	5.862975873682809E-5	1.0487544913445031E-4	4.934365020246841E-4	0.008008605253061856	0.002289340689317627	1.1045681918977781E-4	0.017352213109487622	0.17948356347373803	0.022856956757522508	2.548523394954309E-5	0.30775862289718087	0.17160448610340398	0.24131167122059644	0.010231759792451306	0.03775624624487496	7.756090387411672E-5	7.379445850174511E-5	2.83279073368949E-4	9.242284320250436E-5	2.6593416382205758E-5
32	doyle-secretadversary-1,young	2.6189466844387505E-5	4.6847064648956965E-5	2.2041432862776857E-4	0.3759959690671351	1.359201365749264E-4	4.93402201583696E-5	0.31011952493928857	0.016330755103937344	0.008436606721476708	1.1384059970960863E-5	3.32412180341175E-5	0.16355208749913458	0.051929298373198304	1.3689460266303827E-4	1.792027145113486E-5	0.055897433776475866	3.296342277146373E-5	0.0018999604437530478	0.015115370207228867	1.1879076626376864E-5
33	doyle-secretadversary-2,mr	2.9077167544074663E-5	5.2012511588709136E-5	0.015996419409213106	0.40071782054492094	1.509069507709207E-4	0.005961668732886821	0.2438967980230256	0.012224527227368663	0.09797016559838907	1.2639288194534616E-5	3.690645830593867E-5	0.15598913806342646	0.05076375259613943	1.5198886335350236E-4	1.9896194852535288E-5	0.015790167759787154	3.659803280636173E-5	1.4049099391748196E-4	4.583669717560825E-5	1.3188886333059652E-5
34	doyle-secretadversary-3,set	3.9288323907903104E-5	7.027797324011325E-5	0.01097230415961795	0.4150700842807038	0.002864313596436681	7.401809906201665E-5	0.36945328537428207	0.020508086016175115	0.040590564360284125	1.7077882424397424E-5	4.986706102027874E-5	0.12962596162887877	7.501763244820029E-4	2.0536345862350933E-4	2.6883228798551014E-5	5.197425300135036E-5	4.945032438626965E-5	0.009501269798312466	6.193337101263636E-5	1.7820485349968568E-5
35	doyle-secretadversary-4,jane	2.5891014851860698E-5	4.631320117355331E-5	0.01687341782413896	0.3734643766759608	1.3437120715890067E-4	4.8777944984710136E-5	0.3171047132172786	0.019651076072378093	0.04866434334578719	1.1254328602179446E-5	3.286240513902313E-5	0.19061626799284234	0.03205218486031913	1.353345683494835E-4	1.7716054207882403E-5	3.425104515852451E-5	3.2587775597540624E-5	1.2509658667944897E-4	4.081410630987515E-5	8.883497730818082E-4
36	doyle-secretadversary-5,mr	3.949848841225071E-5	7.065391026015984E-5	3.3242497286895586E-4	0.4533980976214763	2.049923341851758E-4	7.441404308697904E-5	0.29520226292824014	5.57964921466356E-4	0.03947037327373896	1.7169236911889525E-5	5.0133814221233956E-5	0.12898204639925764	0.059596341757209625	0.00956771354461963	2.70270348939435E-5	5.22522781761191E-5	4.971484834353569E-5	0.010889416461748154	0.0013995863186496028	1.7915812233334455E-5
37	doyle-secretadversary-6,plan	3.455403368326644E-5	6.180939304570547E-5	2.908117290410076E-4	0.42471928385653734	0.015388220691369003	6.509882921337329E-5	0.2676079065233877	4.881183930180422E-4	0.08015610644327224	0.008204422001416325	0.014082832919131883	0.14091391276674103	0.03341738727361179	1.8061691517365542E-4	2.364376743578086E-5	0.014084686191948045	4.349150089723973E-5	1.669533502072318E-4	5.447032541030311E-5	1.5673095459058356E-5
38	doyle-secretadversary-7,house	3.7445352699735606E-5	6.69813123402106E-5	3.1514548671734326E-4	0.3727790767449019	0.002729951858283386	0.0026061610409217734	0.15434467240789715	0.017010459655455192	0.23266105767493156	1.6276778114668826E-5	4.7527853119434215E-5	0.1920069594516297	0.010857446585977107	0.014141612852386526	2.562216668822916E-5	4.953619908813077E-5	4.7130665133508666E-5	1.809232213007815E-4	5.902814604379812E-5	1.698454636991561E-5
39	doyle-secretadversary-8,adventures	2.423400793426293E-5	4.3349188555285475E-5	0.07486981099554439	0.23305136414654612	9.462754345994744E-4	4.5656190479206096E-5	0.18522170324174575	0.0028038469594993815	0.23344525033026034	1.0534059410205706E-5	3.075923409857438E-5	0.21451913081311927	0.051333968522256496	1.2667325023475205E-4	1.6582239077692998E-5	3.2059002124006306E-5	3.0502180656469094E-5	0.0017580982744810779	0.0016792098141529643	1.0992115224255793E-5
40	doyle-secretadversary-9,tuppence	2.397824279456889E-5	4.289168225684153E-5	0.0018254929736025876	0.4018908956033976	0.004995510029722816	4.5174336137675486E-5	0.2530854887097053	0.07584024336719505	0.0880968757137547	1.0422883199324494E-5	3.043460187812435E-5	0.15623784346599112	0.015071041289142184	1.253363437837154E-4	1.6407230523365103E-5	3.172065218292598E-5	3.018026137189443E-5	0.0025513876600546936	3.779884860215127E-5	1.0876104703276723E-5
41	doyle-secretadversary-10,enter	3.278943513231277E-5	5.865292319898548E-5	0.014708165530496592	0.35751284958682306	1.701731664825295E-4	6.177437509170215E-5	0.2650434550256245	0.051530993274476	0.11713898580287489	0.033319341210457425	4.1618287570536916E-5	0.12705673131430345	0.023939647493328477	0.007942580469447872	2.243633220148377E-5	4.337691781744289E-5	0.0011514400945599238	1.5842740957312253E-4	5.16886456165619E-5	1.487270492319434E-5
42	doyle-secretadversary-11,julius	2.2177754415537295E-5	3.96710135814017E-5	1.8665117846871179E-4	0.40775598488318837	1.1509983868690336E-4	4.178226658765932E-5	0.41129037159838966	0.004067709193707943	0.11752426232539512	9.64024536230009E-6	2.8149315692998738E-5	0.04013328600400859	0.0011743491090191454	1.1592503569136418E-4	1.5175237497750129E-5	2.9338798511663732E-5	2.7914073213663753E-5	0.003110692195957571	0.014301760497444216	1.0059435179360815E-5
43	doyle-secretadversary-12,friend	1.2754118291174258E-5	0.010818390978887964	0.002266455844347393	0.44608810296974327	0.003520776871059334	2.402840073650777E-5	0.32289198956855425	0.012271213607676738	0.11638257648473893	5.543971107398551E-6	1.6188280176490354E-5	0.06669422491471108	0.018811920756103055	6.666687665548472E-5	8.727068147502498E-6	1.6872335211563894E-5	1.605299549652088E-5	6.162356606956885E-5	2.0105350941363326E-5	5.785041344406072E-6
44	doyle-secretadversary-13,vigil	2.2294940848156853E-5	3.988063374730766E-5	0.003961896685531857	0.4499177004404764	1.1570802196993927E-4	4.2003042536225916E-5	0.230034615174343	0.003334350968543687	0.23514729289681374	0.03246832072676679	2.829805563415497E-5	0.02902257105281257	0.014013035773316173	0.001626241278945503	1.5255422890427671E-5	2.949382363596204E-5	2.806157014227519E-5	1.0772157894475906E-4	3.514532323879367E-5	1.0112588862134538E-5
45	doyle-secretadversary-14,consultation	3.5466884639113817E-5	6.344227805239698E-5	2.984944142887005E-4	0.38310340419858896	0.0013848902652341074	6.681861478216353E-5	0.3058989495402694	0.005304299390300153	0.04024492505819518	1.5416775916587582E-5	4.5016664611190095E-5	0.18066123056252512	0.07752978287566971	0.0013862099284612033	2.426839019043303E-5	4.6918897322372236E-5	4.464046250702449E-5	0.0037738283236215474	5.590932639849144E-5	1.608714842613112E-5
46	doyle-secretadversary-15,tuppence	3.169852231252451E-5	5.670152557418241E-5	0.001340013318345581	0.4422093650631782	0.002310979431434884	5.971912597106282E-5	0.38286700227313986	0.010106886630976974	0.1132417420475709	0.0021602467102840115	4.023363659179556E-5	0.034824334908320986	0.009191127551191914	0.0012389248955548629	2.168986974097293E-5	4.193375676453053E-5	3.989740602307624E-5	1.531564894913415E-4	4.996895127254341E-5	1.4377886259799565E-5
47	doyle-secretadversary-16,adventures	9.227186019873652E-4	0.015283557863192512	0.004704022219149366	0.34060490568939517	0.0028261243581825667	4.9870872727151494E-5	0.34034227505485	0.017402639347152915	0.16268190670476165	1.1506495190085696E-5	3.3598726324162116E-5	0.05955388398097534	0.05428029133596653	1.3836689995563953E-4	1.8113003426150186E-5	3.501848047120727E-5	9.295654116046354E-4	1.2789952415681802E-4	4.172859479607513E-5	1.2006835734591433E-5
48	doyle-secretadversary-17,annette	1.4674114503549599E-5	2.624868978427889E-5	0.020990335003540004	0.38853771594518494	7.615686334088163E-5	2.7645619688872076E-5	0.25722916197182477	0.0036850959103174393	0.2561227663932333	6.3785567121980125E-6	1.8625252761670185E-5	0.06381676289221523	0.0047516541937851695	0.002560849950640069	1.004083499565391E-5	1.9412284972148028E-5	5.152990200462332E-4	0.0015613885882857991	2.313199667057904E-5	6.655917497199836E-6
49	doyle-secretadversary-18,telegram	1.658587595702564E-5	0.0101376936334425	1.3958912319571323E-4	0.4341028686888661	8.607867195955649E-5	3.1247324586694654E-5	0.30197242864459345	0.008657650338498411	0.1434859424458715	7.209562824917201E-6	0.0017057226453852528	0.08560825521887423	0.013232502874214274	6.482527619158088E-4	1.1348967169541544E-5	2.1941341026921734E-5	2.0875844646056902E-5	8.013731718065641E-5	2.6145661281554496E-5	7.523058509734893E-6
50	doyle-secretadversary-19,jane	2.139071872655996E-5	3.8263183783963155E-5	0.0045254500521443525	0.4562943248832178	1.1101521951650337E-4	4.0299513448873765E-5	0.31775281043390025	0.0024748816549727596	0.09379920407596548	9.298136012161694E-6	2.7150363515263432E-5	0.07854209248791069	0.04241418971103423	0.0037329966984935292	1.4636704458035834E-5	2.829763442138877E-5	2.6923469231301665E-5	1.0335268488405784E-4	3.371992458177872E-5	9.702449780894842E-6
51	doyle-secretadversary-20,late	3.576753762703865E-5	6.39800786134357E-5	0.0015120255863069398	0.42268099898402417	1.8562915496150146E-4	6.738503656935092E-5	0.3617760933771033	0.027147278963461315	0.10355812484524897	1.554746401594148E-5	4.539827113963151E-5	0.07441362271925067	0.003104951643345478	1.8696000498146984E-4	2.447411347560798E-5	4.7316629088599964E-5	4.5018879968034924E-5	0.005016819921456976	5.638327008442864E-5	1.6223519277157956E-5
52	doyle-secretadversary-21,tommy	3.949848841225071E-5	0.004082618855117381	3.3242497286895586E-4	0.4199650564143328	2.049923341851758E-4	7.441404308697904E-5	0.3914894216048135	0.0032326082180378374	0.13442021030202653	1.7169236911889525E-5	5.0133814221233956E-5	0.03269488772268434	0.011452762418922973	2.0646200661944553E-4	2.70270348939435E-5	5.22522781761191E-5	0.0013870364966292762	1.9084327546222972E-4	6.22646703638624E-5	1.7915812233334455E-5
53	doyle-secretadversary-22,street	4.226827616934285E-5	7.560843747109436E-5	0.021822233623659648	0.4308103428807712	0.0016504670424476373	7.963224544821458E-5	0.37744028815017006	0.0020281914415104887	0.00932289298738426	1.8373210636170488E-5	5.3649392422531333E-5	0.15519996773530442	8.070759173447316E-4	2.2093992618615614E-4	2.892227578464373E-5	5.591641131614831E-5	5.320104702664553E-5	2.0422594880358978E-4	6.663091141777864E-5	1.9172138725232828E-5
54	doyle-secretadversary-23,race	3.3232155075598734E-5	5.944484958403692E-5	0.027283503020283418	0.3735915454361814	0.0012976298461295263	0.0056884035329037306	0.1999873473783903	0.0612280321528286	0.1558508332032819	1.4445381748042804E-5	4.218021386900889E-5	0.1647773281870431	0.0073854931586593555	1.7370734164775452E-4	2.2739265499349502E-5	4.3962588980077034E-5	0.002292145750195492	1.6056648191450717E-4	5.238654096497374E-5	1.5073514819843544E-5
55	doyle-secretadversary-24,julius	2.1468460004056244E-5	7.652714870971187E-4	0.0023612893794133696	0.4892080338239363	1.1141868725861468E-4	4.044597583277226E-5	0.2963746876643275	0.003937614715043962	0.1312104341821077	9.331928657521578E-6	2.724903733595859E-5	0.030854171694621884	0.03093842969408779	0.013195863842421522	1.4689899309384629E-5	2.8400477821751474E-5	2.7021318439616223E-5	8.305975459787355E-4	3.3842474461826035E-5	9.737711842467077E-6
56	doyle-secretadversary-25,janes	1.5094068428252447E-5	2.6999892883487982E-5	0.013925330514723533	0.3822815233153689	7.833637295594737E-5	2.8436801091087234E-5	0.3729329046267394	0.009412086793843552	0.16737563569736233	6.561102645349842E-6	1.9158283084825558E-5	0.04928957822503899	0.00437659228473475	7.889799789861488E-5	1.0328190533372972E-5	1.996783912565635E-5	1.899817823318979E-5	7.292941007852061E-5	2.3794004097717015E-5	6.84640113250003E-6
57	doyle-secretadversary-26,mr	3.735064584009591E-5	6.681190307340105E-5	0.03319397396909361	0.4135680755989012	1.9384529337356472E-4	7.036756799050918E-5	0.26397458904986165	5.27623992983565E-4	0.18781157647777863	1.623561085547238E-5	4.7407645579917834E-5	0.08276565056433194	0.017152990823995323	1.9523504819203864E-4	2.5557363053885928E-5	4.9410912036043343E-5	4.7011462162626875E-5	1.8046562993389833E-4	5.8878851940815855E-5	1.694158902185701E-5
58	doyle-secretadversary-27,supper	2.15782519776149E-5	3.859863858295547E-5	0.01479333623520563	0.35362904166429954	8.425750219857533E-4	4.065282082809781E-5	0.21606468803038853	0.04487059764879365	0.07051218987686562	9.379653127009576E-6	2.738839179296776E-5	0.1763986822188313	0.10269413181641224	0.018377454579330852	1.4765025007094225E-5	2.8545720867105905E-5	2.7159508318120867E-5	0.0015654318374026105	3.401554845318686E-5	9.787511530051932E-6
59	doyle-secretadversary-28,mighty	6.234235719646553E-5	1.1151645259922781E-4	5.24682265896385E-4	0.4982117849340537	0.004545066920399427	0.002228210098066946	0.37939076617386835	0.034652804337610116	0.009529010535315359	0.00424861672469204	7.912860161079047E-5	0.0030564546752776087	0.030740996876582435	3.2586887958417106E-4	0.027482523083556355	0.004303989970047793	7.846732768739408E-5	3.012170876827698E-4	9.827531322287636E-5	2.8277385049725734E-5
60	doyle-styles-1,styles	1.6745738619500218E-5	0.0278114605373144	1.4093455041007185E-4	0.0584173869891099	8.690833966703151E-5	3.1548501353998305E-5	0.2929766245920493	0.0013704932632743606	0.08363622158699668	0.2914296091643092	2.1254680437010895E-5	0.13802761458235796	0.070623965009021	8.753142048429471E-5	5.784278678193708E-4	2.215282224165617E-5	2.1077056093385418E-5	0.03353211103563467	2.6397665760272264E-5	0.0011415345970458778
61	doyle-styles-2,july	2.771301996358667E-5	0.001926161718009116	0.024628898445679608	3.231591772740629E-5	1.4382719131839035E-4	5.221055145495219E-5	0.2606032850164572	0.04449133057675335	0.11776958301482249	0.4072319373451076	3.517500163203418E-5	0.06422442796552874	0.0558885420850637	0.02266393066104834	1.8962770163632446E-5	3.666136316721794E-5	3.488104583272536E-5	1.3389989630997303E-4	4.368628072067371E-5	1.257013323913112E-5
62	doyle-styles-3,night	3.2465059629313445E-5	5.8072688395053074E-5	0.024455345776740432	3.785723091076831E-5	1.6848969721103965E-4	6.116326075222111E-5	0.21515642076213112	0.0037561702124772863	0.37868587243612195	0.29679461610889474	4.120657102494264E-5	0.04445995740507078	0.0357938777154883	1.6969766756970601E-4	2.2214376668735225E-5	4.294780369947117E-5	4.086220968989208E-5	1.5686013735687998E-4	5.117730620636562E-5	1.4725573961012331E-5
63	doyle-styles-4,poirot	1.216573256587765E-5	2.1761758778901185E-5	0.001749995663305338	1.4186357647383867E-5	6.313866722500636E-5	2.2919898551386043E-5	0.30470079955566176	0.012117007499652721	0.15549889102147385	0.4184974926600583	1.5441466264662347E-5	0.09245054463131282	0.014648856228001203	6.359133370702856E-5	8.324462322117103E-6	1.6093963789544605E-5	1.531242267268721E-5	5.8780686162903944E-5	1.9177830808186976E-5	5.51816003833769E-6
64	doyle-styles-5,isnt	9.2334180943825E-6	1.6516507837618877E-5	7.770977783951927E-5	1.0767010591876026E-5	4.792031299830828E-5	1.7395500423817838E-5	0.32129336335964764	0.02013816602393864	0.1230208248373525	0.4142266024078723	1.1719599558832204E-5	0.07485644176228666	0.043317977477505175	0.002861851268725557	6.318011728009444E-6	1.2214825178840152E-5	1.1621659428169682E-5	4.461273895984429E-5	1.4555385714460282E-5	4.188114317800637E-6
65	doyle-styles-6,inquest	2.0358606631784506E-5	3.641696742850199E-5	8.606333052557121E-4	2.3739998665675144E-5	1.0565868371086605E-4	3.8355043243087565E-5	0.23349185634828679	0.03888796131805212	0.07135174823954663	0.49078499329591474	2.584034588940126E-5	0.13472083341647387	0.029339008006538346	1.0641619328071568E-4	1.3930476682714043E-5	2.6932260442459054E-5	2.5624399359823342E-5	9.836586992660143E-5	3.209292258896784E-5	9.234302081146023E-6
66	doyle-styles-7,poirot	2.0585639003191933E-5	3.6823077268153386E-5	1.732517056273916E-4	2.4004739190002715E-5	1.0683695400983702E-4	3.878276585595625E-5	0.33088483626463405	9.877766643954314E-4	0.08120816729634706	0.4523483804328367	2.612850878342269E-5	0.07558601387731217	0.057545350585234696	8.045820054483323E-4	1.4085824699074593E-5	2.723260000234169E-5	2.5910154090378872E-5	9.946281320562353E-5	3.245081212691849E-5	9.337279929173305E-6
67	doyle-styles-8,fresh	1.533704539751832E-5	2.74345240218399E-5	1.290787851663373E-4	0.03532855902348724	0.0016374212742786636	2.8894562878611398E-5	0.40386137915627696	0.012159971121607781	0.04855970456163971	0.4123107204275633	1.9466683804115758E-5	0.048005919365226975	0.036642071401632496	8.016805947953818E-5	1.0494448719211209E-5	5.395638985198048E-4	1.9304001662480273E-5	5.933780190724576E-4	2.4177028398278797E-5	6.956611166690653E-6
68	doyle-styles-9,dr	1.841638305947941E-5	3.294276637679163E-5	0.019484531099314042	2.1475188217253795E-5	9.557878041328047E-5	3.46959485687397E-5	0.45813582606015235	0.012730822644413074	0.06953301504672982	0.369763326072315	2.3375161026280152E-5	0.01399710072750586	0.04025778397186781	7.197974477645845E-4	1.260150065424789E-5	2.4362906260570282E-5	2.3179815928209284E-5	0.015053783897369827	2.9031238069795404E-5	8.35334399299342E-6
69	doyle-styles-10,arrest	1.6221504019388254E-5	2.9016621530134445E-5	6.857427363731729E-4	1.8915758368958957E-5	0.0066748302652954675	3.0560858087419085E-5	0.3914519925862623	0.026591719331436888	0.07497652103888049	0.3762229018328912	2.0589290921947715E-5	0.07823534162913982	0.04040281154541673	0.0033801125206126092	1.1099643879745852E-5	2.145931590114262E-5	2.041722720654333E-5	7.83767957819775E-5	2.557127224797829E-5	0.0011057982257460504
70	doyle-styles-11,case	0.002841756958691899	4.962063471686062E-4	0.0020023794622884322	1.623230948135416E-5	0.005256611766703013	2.6225398782043832E-5	0.1521099988222942	0.02093411005637446	0.0610409734959034	0.517028858696802	1.7668429450607567E-5	0.1463160576346467	0.08180175328321543	0.006199741945988429	9.525013540272305E-6	1.841502995391996E-5	1.7520775234240597E-5	0.00383770693495713	2.1943651259697853E-5	6.31398726412743E-6
71	doyle-styles-12,last	0.01605110480963514	3.6823077268153386E-5	0.002264188988753298	2.4004739190002715E-5	0.0021977742371357433	3.878276585595625E-5	0.11691225429141631	0.012836421268775568	0.12999670390261822	0.4962580633784808	2.612850878342269E-5	0.17804194075048158	0.04430274779210396	1.0760291107303026E-4	1.4085824699074593E-5	7.242116943776438E-4	2.5910154090378872E-5	9.946281320562353E-5	3.245081212691849E-5	9.337279929173305E-6
72	doyle-styles-13,poirot	1.8590257765829877E-5	3.325378911190944E-5	0.0051918214452348664	2.1677942038839513E-5	9.648116891834257E-5	3.502352363326005E-5	0.2471994516363923	0.03802783401442437	0.04941862449557133	0.46074380958217837	2.359585307239E-5	0.1324602857980187	0.0620381634379115	0.0038736952480234368	1.2720475276938784E-5	2.4592923911605192E-5	2.3398663661488848E-5	7.192422035159021E-4	2.9305330869563587E-5	8.432210469061778E-6
73	doyle-moonstone-44,fourth	0.02234134334649928	6.20270922434694E-5	0.0754300847897366	4.043508262973023E-5	0.042445227786061066	6.532811415206606E-5	0.05839816019157619	0.023970540344680217	0.1590987789028028	1.5072879020600463E-5	4.4012492836803416E-5	0.16606496430612455	0.1720712330428334	0.04479458828672204	2.3727043277028484E-5	4.5872293075180603E-5	4.364468254792957E-5	1.675413775055623E-4	0.23486168964792212	1.5728297753398817E-5
74	doyle-moonstone-45,part	7.86014000555635E-5	1.4060022266893264E-4	6.615207146212852E-4	9.165642650249065E-5	4.079316732185456E-4	1.480828306487156E-4	0.252130574540606	0.041029092437487015	0.009352950302784173	3.416652417365956E-5	9.97655390450919E-5	0.23804358925639263	0.12125707708604123	4.108562993397022E-4	5.3783394438852555E-5	1.0398125057013276E-4	0.016066432045175813	3.7977525838351587E-4	0.31947391059997077	3.565219787590441E-5
75	doyle-moonstone-46,spoke	4.3132452006393875E-5	7.715425364012689E-5	3.6300893437607874E-4	5.029638676157935E-5	0.0046049283089753855	8.126032845994562E-5	0.3325841493858121	0.0020696578601939715	0.0022117061610541803	1.874885133221438E-5	5.474625543199673E-5	0.12332442531522501	0.13517657845128328	2.2545704784224097E-4	0.03653848148610978	0.0058984944865783885	5.428874360461925E-5	0.0016687600685744315	0.35493516110921464	1.9564113523650398E-5
76	doyle-moonstone-47,question	2.6856251320661678E-5	4.803979207836743E-5	0.0020445992854104204	3.131684707351995E-5	0.0037765270716312908	5.05964233889673E-5	0.2670951260760188	0.0031072375156948532	0.07866647123444788	1.1673898420544943E-5	3.408754027081262E-5	0.19317615254370787	0.07962073103572137	1.4037994264662012E-4	1.8376522007331144E-5	3.552794983262543E-5	3.380267233387262E-5	0.007404053091341946	0.36466626278843983	1.2181518212301586E-5
77	doyle-moonstone-48,truly	2.300698223522714E-5	0.0031569935936866956	0.0017515497183855176	2.6828247013367874E-5	8.983632493856452E-4	4.3344508515990516E-5	0.4936590924113115	0.008114600228235413	0.06349651641360898	1.0000694824101996E-5	2.9201820614845716E-5	0.042412832250203245	0.028481851789157756	1.2025948104560041E-4	1.5742640710345858E-5	3.043577828095465E-5	2.895778240242692E-5	0.044511871633598224	0.3131781152186058	1.0435558178326337E-5
78	doyle-moonstone-49,thing	8.638758637507214E-4	4.433128636522112E-5	2.0857765144124388E-4	2.8899294847223455E-5	1.2862096147228265E-4	4.669055458552489E-5	0.3345810529105193	0.003706462353764416	0.04238635027441403	1.0772713858449894E-5	3.1456100117299994E-5	0.10610163932712688	0.13892352624046495	1.2954309684040001E-4	1.6957918097872622E-5	3.2785315045286346E-5	0.005904842977696076	1.1974323663390321E-4	0.3667226307758	1.1241147158833621E-5
79	doyle-moonstone-50,keeping	1.6567269026652886E-5	0.0011514890622900892	1.3943252458718474E-4	1.9318952013767844E-5	0.004012470911568071	3.12122696523381E-5	0.20010587766676438	0.00696515680189526	0.028334942818469266	7.2014747484207415E-6	2.102815628959131E-5	0.18872277819494368	0.12035470968087612	0.01635348074622244	1.1336235285951348E-5	2.1916726046933307E-5	2.0852424997386672E-5	8.004741481524E-5	0.4336226660507703	7.514618736867697E-6
80	doyle-moonstone-51,bewildered	4.5108698433813127E-5	8.06893139259158E-5	0.035506841144666484	5.2600870973024915E-5	2.3410863948744275E-4	0.009248600869615497	0.29742262337527187	0.026600798552565034	0.16878542413464684	1.960788782886453E-5	5.7254624112173486E-5	0.03581147148987352	0.002388580864510326	2.3578705841684663E-4	3.0865848684298345E-5	5.9673986359316546E-5	5.677614996820378E-5	0.01701791504277694	0.40632481094410955	2.0460503774105145E-5
81	doyle-moonstone-52,moment	1.701586801515004E-5	3.043756001984758E-5	0.005904362304692045	1.9842059492632284E-5	8.831027826195539E-5	3.2057417550414344E-5	0.30115939109465073	0.0013926010081378418	0.07461529913443128	7.396472142537545E-6	0.016728945033018073	0.10856782137867169	0.08040494803693747	0.033503638386937706	1.1643191349407687E-5	2.2510174557970725E-5	2.141705497632233E-5	8.22148927055404E-5	0.37738243055818743	7.718095263920971E-6
82	doyle-moonstone-53,june	2.899154264400013E-5	5.185934790450028E-5	2.4399700252508358E-4	3.3806792190281575E-5	0.001132044880466233	5.461925228509481E-5	0.2834234584855322	0.020041187588065803	0.13301863150243534	1.2602068689332473E-5	3.67977781258709E-5	0.05246364671681663	0.1055828756898297	1.5154129461361878E-4	1.983760559367679E-5	3.8352712012120095E-5	3.6490260861339255E-5	1.4007728349340706E-4	0.4005312852100861	0.002957896985829717
83	doyle-moonstone-54,top	1.5481752459681043E-5	0.0010760414763426485	0.003275340972482454	1.8053140344159442E-5	0.006894611081371036	2.9167186920483012E-5	0.3227556685370024	7.428729222954073E-4	0.06054970097282134	6.729621473540986E-6	1.9650354553620092E-5	0.11450479214432413	0.0647690189707379	0.005846839027445935	1.05934652379613E-5	2.0480703659691614E-5	0.022558970372186647	0.01003410955502016	0.386864855495603	7.022247717828663E-6
84	doyle-moonstone-55,last	0.0012476256585741902	1.63579786510494E-5	0.02267923968656335	1.0663666383300204E-5	3.5708057920044625E-4	1.722853446713565E-5	0.3141844540089211	0.0029157634484066846	0.0967608055567292	3.97506677019496E-6	1.1607112185396637E-5	0.06887440898815296	0.05002346668264458	0.001286281490307787	6.2573700191309794E-6	1.209758451763455E-5	1.1510112106311547E-5	4.4184535777460174E-5	0.44153284402377496	4.147915847119764E-6
85	doyle-moonstone-56,thursday	1.57795161242602E-5	2.8226004614557272E-5	1.3280268259241844E-4	1.8400360030046957E-5	0.0011504049571027528	2.9728165303616726E-5	0.3204152037900871	0.01144227268951038	0.0804132114717714	6.859053639338154E-6	2.002829378223157E-5	0.07610366050204101	0.025945564778543463	8.24808921418929E-5	1.0797211489431353E-5	2.087461315997277E-5	1.9860918292981098E-5	0.004884541634624869	0.4792521451571251	7.15730802314544E-6
86	doyle-moonstone-57,found	3.193846443064096E-5	5.713072804654271E-5	0.012163734900799913	3.7243172712192085E-5	0.004491188070460644	6.017117018423733E-5	0.2873615529596431	4.511702476257657E-4	0.02002079435943836	1.3883039185913614E-5	4.053818529877263E-5	0.06644731508095983	0.07522352774112559	1.6694510903482383E-4	2.1854051314991056E-5	4.225117453938642E-5	4.019940963113548E-5	1.5431580828006978E-4	0.5331597596075487	1.4486719739455197E-5
87	doyle-moonstone-58,nearest	2.2111342185099658E-5	3.9552217041125425E-5	0.003929270497393999	2.578384874095585E-5	1.1475516731634955E-4	4.1657147810309956E-5	0.37038105556779793	0.027263233438983472	0.09471326139198119	9.611377236858684E-6	2.806502136790893E-5	0.02953220605854145	0.043094428913489906	1.1557789323322458E-4	1.5129794602551489E-5	2.925094222959782E-5	2.7830483332200363E-5	1.0683449258685543E-4	0.4305003550923568	1.002931177215345E-5
