6.666666666666667962e-03 6.666666666666667962e-03 6.666666666666667962e-03 6.666666666666667962e-03 6.666666666666667962e-03 6.666666666666667962e-03 8.733333333333334059e-01 6.666666666666667962e-03 7.333333333333334758e-02 6.666666666666667962e-03
1.041666666666666652e-03 1.145833333333333426e-02 3.229166666666666990e-02 1.041666666666666652e-03 1.145833333333333426e-02 1.041666666666666652e-03 3.447916666666666630e-01 2.614583333333333481e-01 3.343750000000000333e-01 1.041666666666666652e-03
1.219512195121951218e-03 1.219512195121951218e-03 1.219512195121951218e-03 3.304878048780487965e-01 1.219512195121951218e-03 1.231707317073170715e-01 8.658536585365853022e-02 1.219512195121951218e-03 4.280487804878048697e-01 2.560975609756097754e-02
2.941176470588235253e-03 2.941176470588235253e-03 2.941176470588235253e-03 2.941176470588235253e-03 6.205882352941176627e-01 6.176470588235294379e-02 1.499999999999999944e-01 2.941176470588235253e-03 1.499999999999999944e-01 2.941176470588235253e-03
3.703703703703703845e-03 3.740740740740740589e-01 3.703703703703703845e-03 3.703703703703703845e-03 3.703703703703703845e-03 3.703703703703703845e-03 4.111111111111110938e-01 3.703703703703703845e-03 1.888888888888888840e-01 3.703703703703703845e-03
1.312500000000000333e-01 6.875000000000001943e-02 1.937500000000000333e-01 6.250000000000001214e-03 5.687500000000000888e-01 6.250000000000001214e-03 6.250000000000001214e-03 6.250000000000001214e-03 6.250000000000001214e-03 6.250000000000001214e-03
4.879518072289156655e-02 1.451807228915662773e-01 1.692771084337349463e-01 1.030120481927710996e-01 1.090361445783132599e-01 3.259036144578313365e-01 7.289156626506024250e-02 1.867469879518072334e-02 6.626506024096386234e-03 6.024096385542169205e-04
3.571428571428571317e-03 3.571428571428571317e-03 3.571428571428571317e-03 3.571428571428571317e-03 3.571428571428571317e-03 3.571428571428571317e-03 1.107142857142857095e-01 7.499999999999999722e-02 7.892857142857142572e-01 3.571428571428571317e-03
6.497695852534561556e-02 4.654377880184331490e-02 4.608294930875576033e-04 1.202764976958525384e-01 9.677419354838710103e-03 2.350230414746543733e-02 1.479262672811059998e-01 3.599078341013824400e-01 2.262672811059907862e-01 4.608294930875576033e-04
2.005263157894736914e-01 5.263157894736841987e-04 5.263157894736841987e-04 7.947368421052630749e-02 5.263157894736841987e-04 2.057894736842105221e-01 5.842105263157894302e-02 1.794736842105263130e-01 2.163157894736842113e-01 5.842105263157894302e-02
6.224489795918367041e-02 3.163265306122448745e-02 1.020408163265306214e-03 1.234693877551020363e-01 1.020408163265306214e-03 2.663265306122449272e-01 2.255102040816326647e-01 1.642857142857143127e-01 4.183673469387754612e-02 8.265306122448978776e-02
1.029197080291970740e-01 5.912408759124087448e-02 6.642335766423357324e-02 2.992700729927006906e-02 1.532846715328467155e-02 2.270072992700730152e-01 3.145985401459854280e-01 1.686131386861313974e-01 1.532846715328467155e-02 7.299270072992701357e-04
8.070739549839228699e-02 3.215434083601286246e-04 3.215434083601286246e-04 3.215434083601286246e-04 3.215434083601286246e-04 1.032154340836012874e-01 5.819935691318328663e-02 4.440514469453376023e-01 3.122186495176848542e-01 3.215434083601286246e-04
1.428571428571428874e-02 1.428571428571428874e-02 1.428571428571428874e-02 1.428571428571428874e-02 1.428571428571428874e-02 1.428571428571428874e-02 8.714285714285714413e-01 1.428571428571428874e-02 1.428571428571428874e-02 1.428571428571428874e-02
4.772727272727272235e-02 2.272727272727272617e-03 2.272727272727272617e-03 2.272727272727272617e-03 2.272727272727272617e-03 7.045454545454545026e-02 5.022727272727272041e-01 2.068181818181817899e-01 2.272727272727272617e-03 1.613636363636363202e-01
5.882352941176470507e-03 5.882352941176470507e-03 5.882352941176470507e-03 5.882352941176470507e-03 5.882352941176470507e-03 5.352941176470588092e-01 4.176470588235293713e-01 5.882352941176470507e-03 5.882352941176470507e-03 5.882352941176470507e-03
5.555555555555555768e-03 5.555555555555555768e-03 5.555555555555555768e-03 5.555555555555555768e-03 5.555555555555555768e-03 5.555555555555555768e-03 6.166666666666666963e-01 3.388888888888888506e-01 5.555555555555555768e-03 5.555555555555555768e-03
7.142857142857144369e-03 7.142857142857144369e-03 7.142857142857144369e-03 7.142857142857144369e-03 7.142857142857144369e-03 7.142857142857144369e-03 7.142857142857144369e-03 7.928571428571429269e-01 7.142857142857144369e-03 1.500000000000000222e-01
3.482758620689654916e-01 3.448275862068965903e-03 3.448275862068965903e-03 3.448275862068965903e-03 3.448275862068965903e-03 3.793103448275862710e-02 2.448275862068965414e-01 1.413793103448275634e-01 3.448275862068965903e-03 2.103448275862068728e-01
1.984126984126984125e-04 2.182539682539682592e-03 2.182539682539682592e-03 4.781746031746032105e-02 1.984126984126984125e-04 4.384920634920635302e-02 5.972222222222222515e-02 5.716269841269842056e-01 1.984126984126984125e-04 2.720238095238095011e-01
3.571428571428571317e-03 3.571428571428571317e-03 1.464285714285714080e-01 3.571428571428571317e-03 3.571428571428571317e-03 1.107142857142857095e-01 7.178571428571428603e-01 3.571428571428571317e-03 3.571428571428571317e-03 3.571428571428571317e-03
1.614583333333333495e-02 5.208333333333333261e-04 5.208333333333333261e-04 5.208333333333333261e-04 5.208333333333333261e-04 2.817708333333333592e-01 3.697916666666666713e-02 1.463541666666666741e-01 5.729166666666667129e-03 5.109374999999999334e-01
2.564102564102564100e-03 2.564102564102564100e-03 2.564102564102564100e-03 2.564102564102564100e-03 2.564102564102564100e-03 5.923076923076923128e-01 1.051282051282051155e-01 2.820512820512820901e-02 2.564102564102564100e-03 2.589743589743589425e-01
4.000000000000000083e-03 8.400000000000000522e-02 4.400000000000000439e-02 4.400000000000000439e-02 4.000000000000000083e-03 3.639999999999999902e-01 2.439999999999999947e-01 4.000000000000000083e-03 4.000000000000000083e-03 2.039999999999999869e-01
9.900990099009901110e-04 9.900990099009901110e-04 2.079207920792079320e-02 9.900990099009901110e-04 9.900990099009901110e-04 4.762376237623762720e-01 1.396039603960395892e-01 9.900990099009901110e-04 5.049504950495049133e-02 3.079207920792079167e-01
1.914572864321608114e-01 5.025125628140704025e-04 5.025125628140704025e-04 1.512562814070351758e-01 5.025125628140704025e-04 2.618090452261306877e-01 4.572864321608040294e-02 5.025125628140704025e-04 5.025125628140704025e-04 3.472361809045225733e-01
4.166666666666666609e-03 1.291666666666666796e-01 4.166666666666666609e-03 4.166666666666666609e-03 4.166666666666666609e-03 4.166666666666666609e-03 3.791666666666666519e-01 1.708333333333333093e-01 4.166666666666666609e-03 2.958333333333333370e-01
2.082125603864734276e-01 4.830917874396135686e-04 4.879227053140096360e-02 4.830917874396135686e-04 4.830917874396135686e-04 2.130434782608695843e-01 1.260869565217391242e-01 7.294685990338163617e-02 4.830917874396135686e-04 3.289855072463767627e-01
2.380952380952380733e-03 4.999999999999999584e-02 2.380952380952380733e-03 2.619047619047618763e-02 2.619047619047618763e-02 2.404761904761904268e-01 4.999999999999999584e-02 4.547619047619047006e-01 2.380952380952380733e-03 1.452380952380951940e-01
2.698412698412698540e-02 3.756613756613756683e-02 5.291005291005292446e-04 5.291005291005292446e-04 5.291005291005292446e-04 5.343915343915344590e-02 8.518518518518521099e-02 3.603174603174603141e-01 5.291005291005292446e-04 4.343915343915344396e-01
2.367647058823529604e-01 3.985294117647059098e-01 1.470588235294117627e-03 1.470588235294117627e-03 1.470588235294117627e-03 1.617647058823529563e-02 3.250000000000000111e-01 1.470588235294117627e-03 1.470588235294117627e-03 1.617647058823529563e-02
5.000000000000000278e-02 5.000000000000000278e-02 4.545454545454546101e-03 4.545454545454546101e-03 1.409090909090909005e-01 2.318181818181818121e-01 4.136363636363636354e-01 5.000000000000000278e-02 5.000000000000000278e-02 4.545454545454546101e-03
1.883529411764705563e-01 3.659999999999999920e-01 4.952941176470587736e-02 3.647058823529411228e-03 1.176470588235294015e-04 2.942352941176470393e-01 1.176470588235294015e-04 6.482352941176469652e-02 3.305882352941175856e-02 1.176470588235294015e-04
1.040433212996389883e-01 4.664981949458483768e-01 3.617328519855595587e-02 1.451263537906137373e-02 7.220216606498195365e-05 2.679422382671480252e-01 7.220216606498195365e-05 8.527075812274367839e-02 2.534296028880866566e-02 7.220216606498195365e-05
5.263157894736841987e-03 5.263157894736841987e-03 5.263157894736841987e-03 5.789473684210526966e-02 5.263157894736841987e-03 5.263157894736841987e-03 6.368421052631578760e-01 5.263157894736841987e-03 1.631578947368421129e-01 1.105263157894736947e-01
1.100000000000000283e-01 1.000000000000000194e-02 1.000000000000000194e-02 1.000000000000000194e-02 1.000000000000000194e-02 1.000000000000000194e-02 8.100000000000000533e-01 1.000000000000000194e-02 1.000000000000000194e-02 1.000000000000000194e-02
1.747826086956521807e-01 4.878260869565217428e-01 1.826086956521739274e-02 2.695652173913043459e-02 8.695652173913043801e-04 1.747826086956521807e-01 8.695652173913043801e-04 1.139130434782608670e-01 8.695652173913043801e-04 8.695652173913043801e-04
1.760869565217390853e-01 8.913043478260868069e-02 2.173913043478260462e-03 2.173913043478260462e-03 2.173913043478260462e-03 5.239130434782608425e-01 1.978260869565217073e-01 2.173913043478260462e-03 2.173913043478260462e-03 2.173913043478260462e-03
1.960784313725490169e-03 2.176470588235293879e-01 1.960784313725490169e-03 1.960784313725490169e-03 1.960784313725490169e-03 1.392156862745097812e-01 4.117647058823529355e-02 5.901960784313724506e-01 1.960784313725490169e-03 1.960784313725490169e-03
5.789473684210526966e-02 5.263157894736841987e-03 5.263157894736841987e-03 1.105263157894736947e-01 5.263157894736841987e-03 2.684210526315789491e-01 4.789473684210526216e-01 5.263157894736841987e-03 5.263157894736841987e-03 5.789473684210526966e-02
1.833333333333333481e-01 1.666666666666666644e-02 1.666666666666666644e-02 1.666666666666666644e-02 1.666666666666666644e-02 1.833333333333333481e-01 3.500000000000000333e-01 1.666666666666666644e-02 1.666666666666666644e-02 1.833333333333333481e-01
1.149425287356321823e-03 4.264367816091954033e-01 1.149425287356321823e-03 1.149425287356321823e-03 1.149425287356321823e-03 1.965517241379310387e-01 3.459770114942529173e-01 1.264367816091954179e-02 1.264367816091954179e-02 1.149425287356321823e-03
1.468750000000000056e-01 4.802083333333333481e-01 1.041666666666666652e-03 1.041666666666666652e-03 1.041666666666666652e-03 3.656250000000000333e-01 1.041666666666666652e-03 1.041666666666666652e-03 1.041666666666666652e-03 1.041666666666666652e-03
3.028301886792452713e-01 2.839622641509433887e-01 1.141509433962264175e-01 9.433962264150943470e-04 9.433962264150943470e-04 2.933962264150943300e-01 9.433962264150943470e-04 9.433962264150943470e-04 9.433962264150943470e-04 9.433962264150943470e-04
2.619047619047619110e-02 2.642857142857142905e-01 2.380952380952381167e-03 2.380952380952381167e-03 2.380952380952381167e-03 2.380952380952381167e-03 6.452380952380952772e-01 2.380952380952381167e-03 5.000000000000000278e-02 2.380952380952381167e-03
4.016666666666666163e-01 2.183333333333332682e-01 1.666666666666666340e-03 1.666666666666666340e-03 1.666666666666666340e-03 3.016666666666666385e-01 1.666666666666666340e-03 6.833333333333331538e-02 1.666666666666666340e-03 1.666666666666666340e-03
7.692307692307693602e-03 7.692307692307693602e-03 7.692307692307693602e-03 1.615384615384615752e-01 7.692307692307693602e-03 1.615384615384615752e-01 6.230769230769230838e-01 7.692307692307693602e-03 7.692307692307693602e-03 7.692307692307693602e-03
7.142857142857144369e-03 7.142857142857144369e-03 7.142857142857144369e-03 7.142857142857144369e-03 7.142857142857144369e-03 7.142857142857144369e-03 7.928571428571429269e-01 1.500000000000000222e-01 7.142857142857144369e-03 7.142857142857144369e-03
3.846153846153846367e-03 8.076923076923077371e-02 3.846153846153846367e-03 3.846153846153846367e-03 3.846153846153846367e-03 4.269230769230769051e-01 4.653846153846153966e-01 3.846153846153846367e-03 3.846153846153846367e-03 3.846153846153846367e-03
5.000000000000000104e-03 3.049999999999999933e-01 5.000000000000000104e-03 5.000000000000000104e-03 5.000000000000000104e-03 5.050000000000000044e-01 1.549999999999999989e-01 5.000000000000000104e-03 5.000000000000000104e-03 5.000000000000000104e-03
3.069444444444444642e-01 1.388888888888888942e-03 5.694444444444443643e-02 1.388888888888888942e-03 1.388888888888888942e-03 2.236111111111111216e-01 3.902777777777777790e-01 1.527777777777777901e-02 1.388888888888888942e-03 1.388888888888888942e-03
1.149425287356321823e-03 1.149425287356321823e-03 1.620689655172413701e-01 3.563218390804597652e-02 1.149425287356321823e-03 8.160919540229884250e-02 1.620689655172413701e-01 1.264367816091954179e-02 3.459770114942529173e-01 1.965517241379310387e-01
3.234756097560975707e-01 3.048780487804878046e-04 4.820121951219512035e-01 3.353658536585366230e-03 3.048780487804878046e-04 1.527439024390243871e-01 3.353658536585366230e-03 3.048780487804878046e-04 3.384146341463414864e-02 3.048780487804878046e-04
3.125000000000000173e-03 3.125000000000000173e-03 7.218750000000000444e-01 3.125000000000000173e-03 3.125000000000000173e-03 3.437500000000000278e-02 1.906249999999999889e-01 3.437500000000000278e-02 3.125000000000000173e-03 3.125000000000000173e-03
1.162790697674418589e-03 1.162790697674418589e-03 1.162790697674418589e-03 1.290697674418604668e-01 1.162790697674418589e-03 1.162790697674418589e-03 1.755813953488372103e-01 6.523255813953489080e-01 3.604651162790697971e-02 1.162790697674418589e-03
4.737351991388589201e-01 1.076426264800860936e-04 6.254036598493001309e-02 3.347685683530677442e-02 2.271259418729816570e-02 2.918191603875134321e-01 4.854682454251882384e-02 4.747039827771796366e-02 1.076426264800860936e-04 1.948331539289558170e-02
2.793103448275861544e-01 3.448275862068965469e-03 3.448275862068965469e-03 3.448275862068965469e-03 3.448275862068965469e-03 1.068965517241379226e-01 5.896551724137930606e-01 3.448275862068965469e-03 3.448275862068965469e-03 3.448275862068965469e-03
2.535714285714285587e-01 7.499999999999999722e-02 3.571428571428571751e-03 3.571428571428571751e-03 3.571428571428571751e-03 3.607142857142857095e-01 2.535714285714285587e-01 3.571428571428571751e-03 3.571428571428571751e-03 3.928571428571429186e-02
8.849557522123894767e-04 8.849557522123894767e-04 9.734513274336284785e-03 4.513274336283185778e-02 3.628318584070796410e-02 1.858407079646017673e-02 1.070796460176991066e-01 2.840707964601770219e-01 4.345132743362831729e-01 6.283185840707963821e-02
1.388888888888888942e-03 2.916666666666666713e-02 1.388888888888888942e-03 1.527777777777777901e-02 1.388888888888888942e-03 1.402777777777777790e-01 2.916666666666666713e-02 3.625000000000000444e-01 4.180555555555555691e-01 1.388888888888888942e-03
1.148148148148148001e-01 3.703703703703703411e-03 3.703703703703703411e-03 5.962962962962963243e-01 3.703703703703703411e-03 3.703703703703703411e-03 2.629629629629628984e-01 3.703703703703703411e-03 3.703703703703703411e-03 3.703703703703703411e-03
2.124999999999999667e-01 4.166666666666666609e-03 4.166666666666666609e-03 8.749999999999999445e-02 4.166666666666666609e-03 4.166666666666666609e-03 6.708333333333332815e-01 4.166666666666666609e-03 4.166666666666666609e-03 4.166666666666666609e-03
6.250000000000001214e-03 6.250000000000001214e-03 6.250000000000001214e-03 6.250000000000001214e-03 1.937500000000000333e-01 6.250000000000001214e-03 4.437500000000000333e-01 3.187500000000000333e-01 6.250000000000001214e-03 6.250000000000001214e-03
1.333333333333333506e-03 1.333333333333333506e-03 1.333333333333333506e-03 1.333333333333333506e-03 2.800000000000000058e-02 1.333333333333333506e-03 3.346666666666666679e-01 6.280000000000000027e-01 1.333333333333333506e-03 1.333333333333333506e-03
1.754385964912280518e-03 1.596491228070175128e-01 1.929824561403508526e-02 2.122807017543859309e-01 1.929824561403508526e-02 1.245614035087719146e-01 4.578947368421052433e-01 1.754385964912280518e-03 1.754385964912280518e-03 1.754385964912280518e-03
5.263157894736841987e-03 5.263157894736841987e-03 2.684210526315789491e-01 1.631578947368421129e-01 5.263157894736841987e-03 5.315789473684210398e-01 5.263157894736841987e-03 5.263157894736841987e-03 5.263157894736841987e-03 5.263157894736841987e-03
5.263157894736841119e-03 5.263157894736841119e-03 5.263157894736841119e-03 5.263157894736841119e-03 5.263157894736841119e-03 5.263157894736841119e-03 8.473684210526315486e-01 5.263157894736841119e-03 5.789473684210525578e-02 5.789473684210525578e-02
3.805970149253731089e-02 7.462686567164179179e-04 7.462686567164179179e-04 6.044776119402985037e-02 7.462686567164179179e-04 6.791044776119402326e-02 1.126865671641791022e-01 2.694029850746268995e-01 3.589552238805970297e-01 9.029850746268656969e-02
2.631578947368420560e-03 2.631578947368420560e-03 2.631578947368420560e-03 2.631578947368420560e-03 8.157894736842104255e-02 2.631578947368420560e-03 6.078947368421051545e-01 2.921052631578946457e-01 2.631578947368420560e-03 2.631578947368420560e-03
4.761904761904762334e-03 1.476190476190476220e-01 1.000000000000000056e-01 4.761904761904762334e-03 4.761904761904762334e-03 4.761904761904762334e-03 4.761904761904762334e-03 5.238095238095238221e-02 6.714285714285713746e-01 4.761904761904762334e-03
6.666666666666667962e-03 6.666666666666667962e-03 6.666666666666667962e-03 6.666666666666667962e-03 6.666666666666667962e-03 6.666666666666667962e-03 8.733333333333334059e-01 6.666666666666667962e-03 7.333333333333334758e-02 6.666666666666667962e-03
4.166666666666666609e-03 4.166666666666666609e-03 4.166666666666666609e-03 4.166666666666666609e-03 4.166666666666666609e-03 4.166666666666666609e-03 4.624999999999999667e-01 1.291666666666666796e-01 2.958333333333333370e-01 8.750000000000000833e-02
2.724381625441695265e-01 3.533568904593638879e-04 3.922261484098939210e-02 1.098939929328621723e-01 3.533568904593638879e-04 1.452296819787985693e-01 3.568904593639574824e-02 2.159010600706713356e-01 1.240282685512367339e-01 5.689045936395759062e-02
7.857142857142858372e-02 7.142857142857144369e-03 7.142857142857144369e-03 1.500000000000000222e-01 7.142857142857144369e-03 4.357142857142857206e-01 7.857142857142858372e-02 2.214285714285714746e-01 7.142857142857144369e-03 7.142857142857144369e-03
2.444444444444444572e-02 2.688888888888888995e-01 2.222222222222222220e-03 2.222222222222222220e-03 2.222222222222222220e-03 2.444444444444444572e-02 6.888888888888888840e-02 2.688888888888888995e-01 3.355555555555555514e-01 2.222222222222222220e-03
1.724137931034482735e-03 7.068965517241378171e-02 1.724137931034482735e-03 1.724137931034482735e-03 1.724137931034482735e-03 4.155172413793103425e-01 1.051724137931034225e-01 2.258620689655172209e-01 1.741379310344827180e-01 1.724137931034482735e-03
5.240000000000000213e-01 4.000000000000000083e-03 4.000000000000000083e-03 4.000000000000000083e-03 4.000000000000000083e-03 1.639999999999999791e-01 4.000000000000000083e-03 4.000000000000000083e-03 2.839999999999999747e-01 4.000000000000000083e-03
2.757575757575757569e-01 3.060606060606060330e-01 3.030303030303030300e-03 3.030303030303030300e-03 3.030303030303030300e-03 3.030303030303030300e-03 3.030303030303030300e-03 2.454545454545454530e-01 1.545454545454545414e-01 3.030303030303030300e-03
1.794117647058823539e-01 2.941176470588235253e-03 9.117647058823530326e-02 2.941176470588235253e-03 2.941176470588235253e-03 2.382352941176470451e-01 6.176470588235294379e-02 1.794117647058823539e-01 2.382352941176470451e-01 2.941176470588235253e-03
1.023674242424242320e-01 3.607954545454545442e-02 8.248106060606059942e-02 5.028409090909091023e-02 9.564393939393938532e-03 1.260416666666666630e-01 9.469696969696969689e-05 4.631628787878788178e-01 1.232007575757575746e-01 6.723484848484848411e-03
2.682119205298013134e-02 5.069536423841058959e-01 7.980132450331126059e-02 1.026490066225165670e-02 2.350993377483443642e-02 1.990066225165562919e-01 1.688741721854304656e-02 1.360927152317880917e-01 3.311258278145695361e-04 3.311258278145695361e-04
1.936170212765957466e-01 4.489361702127659948e-01 2.127659574468085141e-03 2.127659574468085141e-03 2.127659574468085141e-03 2.574468085106382809e-01 8.723404255319147649e-02 2.127659574468085141e-03 2.127659574468085141e-03 2.127659574468085141e-03
1.784313725490196123e-01 2.764705882352941346e-01 1.196078431372548934e-01 1.960784313725490169e-03 1.960784313725490169e-03 1.980392156862745001e-01 1.980392156862745001e-01 1.960784313725490169e-03 2.156862745098039533e-02 1.960784313725490169e-03
5.545454545454545636e-01 1.909090909090909449e-01 1.000000000000000194e-01 9.090909090909092202e-03 9.090909090909092202e-03 9.090909090909092202e-03 1.000000000000000194e-01 9.090909090909092202e-03 9.090909090909092202e-03 9.090909090909092202e-03
9.929577464788731656e-02 4.936619718309858684e-01 1.478873239436619830e-02 7.746478873239437575e-03 7.042253521126760939e-04 2.119718309859155159e-01 7.042253521126760939e-04 1.697183098591549533e-01 7.042253521126760939e-04 7.042253521126760939e-04
1.075268817204301074e-03 2.376344086021505431e-01 9.784946236559138866e-02 1.075268817204301074e-03 1.075268817204301074e-03 3.559139784946236951e-01 3.021505376344086335e-01 1.075268817204301074e-03 1.075268817204301074e-03 1.075268817204301074e-03
2.359550561797752952e-02 6.853932584269661898e-02 1.123595505617977627e-03 1.123595505617977627e-03 1.123595505617977627e-03 5.629213483146067176e-01 1.022471910112359578e-01 1.123595505617977627e-03 9.101123595505616892e-02 1.471910112359550438e-01
4.194444444444444531e-01 1.416666666666666630e-01 2.777777777777777884e-03 3.055555555555555802e-02 2.777777777777777884e-03 2.777777777777777884e-03 1.416666666666666630e-01 2.777777777777777884e-03 2.527777777777777679e-01 2.777777777777777884e-03
2.325581395348837177e-03 1.883720930232558044e-01 4.883720930232558072e-02 2.325581395348837177e-03 2.325581395348837177e-03 1.418604651162790609e-01 1.186046511627906891e-01 1.651162790697674465e-01 3.279069767441860628e-01 2.325581395348837177e-03
2.425287356321839116e-01 1.735632183908046022e-01 1.149425287356321823e-03 1.264367816091954179e-02 1.149425287356321823e-03 1.264367816091954179e-02 2.310344827586207073e-01 1.264367816091954179e-02 3.114942528735632488e-01 1.149425287356321823e-03
7.692307692307693602e-03 7.692307692307693602e-03 7.692307692307693602e-03 7.692307692307693602e-03 7.692307692307693602e-03 7.692307692307693602e-03 7.000000000000000666e-01 7.692307692307693602e-03 2.384615384615385025e-01 7.692307692307693602e-03
9.117647058823527551e-02 9.117647058823527551e-02 3.235294117647058432e-02 2.941176470588234820e-03 2.941176470588234820e-03 2.941176470588234820e-03 7.676470588235292380e-01 2.941176470588234820e-03 2.941176470588234820e-03 2.941176470588234820e-03
2.928571428571428298e-02 3.364285714285714657e-01 7.857142857142857678e-03 7.142857142857142851e-04 7.857142857142857678e-03 2.221428571428571419e-01 1.864285714285714435e-01 2.078571428571428792e-01 7.142857142857142851e-04 7.142857142857142851e-04
3.571428571428571751e-03 1.821428571428571341e-01 1.107142857142857234e-01 3.571428571428571751e-03 1.107142857142857234e-01 4.321428571428571064e-01 3.571428571428571751e-03 3.571428571428571751e-03 1.464285714285714080e-01 3.571428571428571751e-03
1.100000000000000144e-01 6.099999999999999867e-01 1.000000000000000021e-02 1.000000000000000021e-02 1.000000000000000021e-02 2.100000000000000200e-01 1.000000000000000021e-02 1.000000000000000021e-02 1.000000000000000021e-02 1.000000000000000021e-02
4.166666666666666609e-03 4.208333333333333370e-01 4.166666666666666609e-03 4.166666666666666609e-03 4.166666666666666609e-03 4.624999999999999667e-01 4.166666666666666609e-03 8.750000000000000833e-02 4.166666666666666609e-03 4.166666666666666609e-03
6.250000000000002082e-03 3.187500000000000333e-01 6.250000000000002082e-03 6.250000000000002082e-03 6.250000000000002082e-03 6.312500000000000888e-01 6.250000000000002082e-03 6.250000000000002082e-03 6.250000000000002082e-03 6.250000000000002082e-03
6.666666666666667962e-03 6.733333333333333393e-01 6.666666666666667962e-03 6.666666666666667962e-03 7.333333333333334758e-02 2.066666666666666929e-01 6.666666666666667962e-03 6.666666666666667962e-03 6.666666666666667962e-03 6.666666666666667962e-03
6.666666666666667962e-03 6.066666666666666874e-01 7.333333333333334758e-02 6.666666666666667962e-03 6.666666666666667962e-03 6.666666666666667962e-03 6.666666666666667962e-03 6.666666666666667962e-03 2.733333333333333171e-01 6.666666666666667962e-03
1.699999999999999567e-01 6.366666666666666030e-01 3.666666666666665991e-02 3.333333333333332680e-03 3.333333333333332680e-03 6.999999999999999278e-02 3.333333333333332680e-03 3.666666666666665991e-02 3.666666666666665991e-02 3.333333333333332680e-03
2.777777777777777884e-03 1.694444444444444253e-01 3.083333333333333481e-01 2.777777777777777884e-03 2.777777777777777884e-03 2.805555555555555580e-01 8.611111111111111049e-02 1.138888888888888729e-01 2.777777777777777884e-03 3.055555555555555802e-02
2.000000000000000042e-02 4.200000000000000400e-01 2.200000000000000289e-01 2.200000000000000289e-01 2.000000000000000042e-02 2.000000000000000042e-02 2.000000000000000042e-02 2.000000000000000042e-02 2.000000000000000042e-02 2.000000000000000042e-02
3.030303030303030300e-03 3.030303030303030300e-03 2.454545454545454530e-01 3.030303030303030300e-03 6.363636363636364368e-02 2.151515151515151492e-01 4.575757575757575801e-01 3.030303030303030300e-03 3.030303030303030300e-03 3.030303030303030300e-03
4.545454545454546101e-03 4.545454545454546101e-03 4.545454545454546101e-03 4.545454545454546101e-03 4.545454545454546101e-03 4.545454545454546101e-03 6.409090909090908728e-01 3.227272727272726960e-01 4.545454545454546101e-03 4.545454545454546101e-03
2.558139534883720548e-02 8.627906976744185163e-01 2.325581395348836743e-03 2.325581395348836743e-03 2.325581395348836743e-03 9.534883720930230344e-02 2.325581395348836743e-03 2.325581395348836743e-03 2.325581395348836743e-03 2.325581395348836743e-03
1.030927835051546415e-03 5.680412371134020422e-01 5.257731958762885960e-02 1.030927835051546415e-03 1.030927835051546415e-03 2.896907216494845616e-01 1.030927835051546415e-03 7.319587628865978357e-02 1.030927835051546415e-03 1.134020618556701165e-02
1.068965517241379365e-01 3.137931034482758230e-01 7.241379310344828180e-02 3.448275862068965903e-03 3.448275862068965903e-03 3.448275862068965903e-03 3.827586206896551602e-01 3.448275862068965903e-03 1.068965517241379365e-01 3.448275862068965903e-03
4.236842105263157743e-01 3.710526315789473006e-01 2.631578947368420560e-03 2.631578947368420560e-03 2.631578947368420560e-03 2.631578947368420560e-03 1.342105263157894468e-01 2.631578947368420560e-03 5.526315789473683349e-02 2.631578947368420560e-03
2.019230769230769343e-02 5.298076923076923128e-01 9.615384615384615918e-04 9.615384615384615918e-04 9.615384615384615918e-04 2.990384615384615308e-01 1.163461538461538491e-01 9.615384615384615918e-04 2.980769230769230935e-02 9.615384615384615918e-04
3.949494949494949392e-01 4.353535353535353813e-01 1.010101010101010100e-03 1.010101010101010100e-03 1.010101010101010100e-03 1.626262626262626465e-01 1.010101010101010100e-03 1.010101010101010100e-03 1.010101010101010100e-03 1.010101010101010100e-03
7.692307692307694469e-03 3.153846153846154299e-01 7.692307692307694469e-03 7.692307692307694469e-03 3.153846153846154299e-01 7.692307692307694469e-03 3.153846153846154299e-01 7.692307692307694469e-03 7.692307692307694469e-03 7.692307692307694469e-03
3.863070539419087290e-01 5.315352697095435675e-01 4.149377593360996830e-04 4.149377593360996830e-04 4.149377593360996830e-04 5.435684647302905376e-02 1.286307053941908828e-02 4.149377593360996830e-04 4.149377593360996830e-04 1.286307053941908828e-02
5.183333333333333126e-01 3.183333333333333015e-01 5.166666666666665936e-02 1.666666666666666557e-03 1.666666666666666557e-03 5.166666666666665936e-02 5.166666666666665936e-02 1.666666666666666557e-03 1.666666666666666557e-03 1.666666666666666557e-03
3.846153846153846367e-03 5.038461538461538325e-01 3.846153846153846367e-03 3.846153846153846367e-03 3.846153846153846367e-03 3.846153846153846367e-03 4.653846153846153966e-01 3.846153846153846367e-03 3.846153846153846367e-03 3.846153846153846367e-03
1.666666666666666990e-02 1.666666666666666990e-02 1.666666666666666990e-02 1.666666666666666990e-02 1.666666666666666990e-02 1.666666666666666990e-02 8.500000000000000888e-01 1.666666666666666990e-02 1.666666666666666990e-02 1.666666666666666990e-02
9.687500000000000278e-02 3.125000000000000173e-03 3.125000000000000173e-03 3.125000000000000173e-03 3.125000000000000173e-03 3.468749999999999889e-01 2.843749999999999889e-01 2.531249999999999889e-01 3.125000000000000173e-03 3.125000000000000173e-03
2.259259259259258912e-01 3.703703703703703411e-03 3.703703703703703411e-03 3.703703703703703411e-03 4.074074074074073709e-02 3.703703703703703411e-03 6.703703703703702832e-01 3.703703703703703411e-03 3.703703703703703411e-03 4.074074074074073709e-02
3.722627737226277128e-02 4.094890510948905327e-01 9.562043795620438214e-02 7.299270072992701357e-04 7.299270072992701357e-04 4.532846715328467391e-01 7.299270072992701357e-04 7.299270072992701357e-04 7.299270072992701357e-04 7.299270072992701357e-04
1.833333333333333759e-01 1.666666666666666990e-02 1.666666666666666990e-02 1.666666666666666990e-02 1.666666666666666990e-02 1.666666666666666990e-02 6.833333333333333481e-01 1.666666666666666990e-02 1.666666666666666990e-02 1.666666666666666990e-02
2.843971631205673978e-01 7.801418439716312908e-03 7.092198581560284166e-04 7.092198581560284166e-04 1.489361702127659642e-02 6.106382978723403632e-01 7.872340425531915153e-02 7.092198581560284166e-04 7.092198581560284166e-04 7.092198581560284166e-04
2.301204819277108682e-01 4.590361445783132655e-01 1.325301204819277247e-02 1.204819277108433841e-03 1.204819277108433841e-03 1.204819277108433841e-03 1.337349397590361366e-01 1.204819277108433841e-03 1.337349397590361366e-01 2.530120481927710871e-02
3.344086021505376372e-01 2.161290322580645407e-01 1.075268817204301074e-03 1.075268817204301074e-03 1.075268817204301074e-03 3.021505376344086335e-01 1.408602150537634490e-01 1.075268817204301074e-03 1.075268817204301074e-03 1.075268817204301074e-03
2.000000000000000042e-02 2.000000000000000042e-02 2.000000000000000042e-02 2.000000000000000042e-02 2.000000000000000042e-02 2.000000000000000042e-02 4.200000000000000400e-01 2.000000000000000042e-02 4.200000000000000400e-01 2.000000000000000042e-02
5.857142857142857428e-01 1.571428571428571674e-01 1.428571428571428874e-02 1.428571428571428874e-02 1.428571428571428874e-02 1.428571428571428874e-02 1.571428571428571674e-01 1.428571428571428874e-02 1.428571428571428874e-02 1.428571428571428874e-02
2.499999999999999445e-02 2.749999999999999667e-01 2.499999999999999445e-02 2.499999999999999445e-02 2.499999999999999445e-02 5.249999999999999112e-01 2.499999999999999445e-02 2.499999999999999445e-02 2.499999999999999445e-02 2.499999999999999445e-02
3.333333333333333287e-02 3.333333333333333287e-02 3.333333333333333287e-02 3.333333333333333287e-02 3.333333333333333287e-02 6.999999999999999556e-01 3.333333333333333287e-02 3.333333333333333287e-02 3.333333333333333287e-02 3.333333333333333287e-02
3.204545454545454364e-01 3.431818181818181990e-01 2.272727272727273051e-03 2.272727272727273051e-03 2.272727272727273051e-03 2.522727272727272596e-01 2.272727272727273051e-03 2.272727272727273051e-03 2.272727272727273051e-03 7.045454545454545026e-02
1.347826086956521729e-01 1.782608695652173891e-01 4.347826086956521792e-03 4.347826086956521792e-03 4.347826086956521792e-03 4.347826086956521792e-03 6.565217391304347672e-01 4.347826086956521792e-03 4.347826086956521792e-03 4.347826086956521792e-03
1.617283950617283972e-01 3.469135802469135998e-01 1.234567901234567876e-03 1.234567901234567876e-03 2.592592592592592865e-02 3.716049382716049565e-01 1.234567901234567876e-03 8.765432098765431335e-02 1.234567901234567876e-03 1.234567901234567876e-03
3.791666666666666519e-01 8.750000000000000833e-02 4.166666666666666609e-03 4.166666666666666609e-03 4.166666666666666609e-03 2.124999999999999944e-01 2.541666666666666519e-01 4.166666666666666609e-03 4.166666666666666609e-03 4.583333333333333703e-02
3.225806451612903223e-03 5.516129032258064724e-01 3.225806451612903223e-03 6.774193548387096031e-02 3.225806451612903223e-03 3.225806451612903223e-03 1.645161290322580405e-01 1.967741935483870719e-01 3.225806451612903223e-03 3.225806451612903223e-03
9.545454545454545858e-02 5.499999999999999334e-01 4.545454545454546101e-03 4.545454545454546101e-03 4.545454545454546101e-03 5.000000000000000278e-02 1.863636363636363424e-01 9.545454545454545858e-02 4.545454545454546101e-03 4.545454545454546101e-03
3.559322033898304483e-02 6.118644067796609187e-01 1.694915254237288086e-03 1.694915254237288086e-03 1.694915254237288086e-03 8.644067796610167831e-02 2.220338983050847148e-01 3.559322033898304483e-02 1.694915254237288086e-03 1.694915254237288086e-03
5.263157894736841987e-03 3.210526315789473673e-01 5.789473684210526966e-02 5.263157894736841987e-03 5.263157894736841987e-03 5.263157894736841987e-03 5.842105263157894024e-01 5.263157894736841987e-03 5.263157894736841987e-03 5.263157894736841987e-03
1.751748251748251883e-01 3.496503496503496500e-04 3.395104895104895104e-01 2.171328671328671411e-01 7.342657342657343301e-03 2.520979020979020602e-01 3.846153846153846367e-03 3.496503496503496500e-04 3.846153846153846367e-03 3.496503496503496500e-04
3.333333333333333114e-03 3.333333333333333114e-03 3.333333333333333114e-03 3.333333333333333114e-03 3.333333333333333114e-03 3.333333333333333114e-03 9.033333333333333215e-01 3.333333333333333114e-03 6.999999999999999278e-02 3.333333333333333114e-03
1.958333333333333315e-01 1.388888888888888942e-03 1.388888888888888942e-03 1.124999999999999889e-01 1.388888888888888942e-03 2.375000000000000167e-01 4.319444444444444642e-01 1.388888888888888942e-03 1.527777777777777901e-02 1.388888888888888942e-03
2.535714285714285587e-01 3.571428571428571751e-03 3.571428571428571751e-03 3.571428571428571751e-03 3.928571428571429186e-02 1.821428571428571341e-01 5.035714285714285587e-01 3.571428571428571751e-03 3.571428571428571751e-03 3.571428571428571751e-03
1.674999999999999822e-01 1.923076923076923075e-04 3.288461538461538713e-02 2.271153846153846079e-01 1.942307692307692138e-02 2.078846153846153622e-01 1.598076923076922895e-01 1.175000000000000072e-01 6.750000000000000444e-02 1.923076923076923075e-04
9.090909090909092202e-03 9.090909090909092202e-03 9.090909090909092202e-03 9.090909090909092202e-03 9.090909090909092202e-03 9.090909090909092202e-03 9.181818181818183211e-01 9.090909090909092202e-03 9.090909090909092202e-03 9.090909090909092202e-03
2.941176470588235579e-04 9.117647058823528938e-03 1.708823529411764852e-01 4.147058823529411326e-02 3.235294117647059299e-03 5.029411764705882942e-02 2.941176470588235579e-04 2.382352941176470520e-02 7.002941176470588447e-01 2.941176470588235579e-04
1.024999999999999939e-01 2.500000000000000052e-03 2.774999999999999689e-01 2.500000000000000052e-03 2.500000000000000052e-03 3.775000000000000022e-01 5.250000000000000500e-02 5.250000000000000500e-02 1.275000000000000022e-01 2.500000000000000052e-03
7.948717948717949622e-02 2.564102564102564100e-03 2.333333333333333370e-01 2.564102564102564100e-03 2.820512820512820901e-02 3.615384615384615308e-01 1.820512820512820429e-01 2.564102564102564100e-03 1.051282051282051155e-01 2.564102564102564100e-03
1.605263157894736836e-01 2.631578947368420993e-03 1.342105263157894746e-01 2.631578947368420993e-03 2.631578947368420993e-03 6.605263157894737391e-01 2.894736842105263483e-02 2.631578947368420993e-03 2.631578947368420993e-03 2.631578947368420993e-03
1.382675438596490947e-01 9.989035087719295991e-02 4.803728070175438125e-01 1.096491228070175324e-04 1.217105263157894531e-02 3.410087719298245112e-02 1.096491228070175324e-04 4.495614035087718528e-03 2.281798245614034826e-01 2.302631578947368206e-03
1.276119402985074758e-01 1.567164179104477834e-02 3.805970149253731089e-02 7.462686567164179179e-04 8.208955223880598506e-03 7.462686567164179179e-04 1.126865671641791022e-01 3.738805970149253755e-01 3.216417910447761375e-01 7.462686567164179179e-04
1.111111111111111327e-02 1.111111111111111327e-02 1.111111111111111327e-02 1.111111111111111327e-02 1.111111111111111327e-02 1.111111111111111327e-02 9.000000000000001332e-01 1.111111111111111327e-02 1.111111111111111327e-02 1.111111111111111327e-02
1.972222222222222154e-01 2.777777777777777884e-03 5.833333333333333426e-02 3.361111111111110827e-01 2.777777777777777884e-03 1.694444444444444253e-01 1.972222222222222154e-01 3.055555555555555802e-02 2.777777777777777884e-03 2.777777777777777884e-03
9.999999999999999167e-02 1.243902439024390100e-01 2.439024390243902437e-03 1.487804878048780421e-01 7.560975609756097338e-02 2.951219512195121797e-01 2.439024390243902437e-03 2.439024390243902437e-03 2.219512195121951248e-01 2.682926829268292984e-02
1.576923076923076872e-01 3.846153846153846367e-03 3.846153846153846367e-03 3.846153846153846367e-03 8.076923076923077371e-02 3.846153846153846367e-03 4.230769230769231004e-02 4.653846153846153966e-01 2.346153846153846145e-01 3.846153846153846367e-03
5.555555555555554900e-03 5.555555555555554900e-03 5.555555555555554900e-03 5.555555555555554900e-03 5.555555555555554900e-03 6.111111111111110217e-02 8.944444444444443754e-01 5.555555555555554900e-03 5.555555555555554900e-03 5.555555555555554900e-03
6.250000000000001214e-03 6.250000000000001214e-03 6.250000000000001214e-03 4.437500000000000333e-01 6.250000000000001214e-03 6.250000000000001214e-03 6.250000000000001214e-03 6.875000000000001943e-02 4.437500000000000333e-01 6.250000000000001214e-03
4.965034965034965941e-02 1.055944055944056104e-01 2.867132867132867607e-02 6.993006993006995169e-04 4.622377622377623063e-01 6.993006993006995169e-04 1.755244755244755595e-01 1.265734265734266006e-01 4.965034965034965941e-02 6.993006993006995169e-04
2.857142857142856707e-03 2.857142857142856707e-03 2.857142857142856707e-03 8.857142857142855097e-02 2.857142857142856707e-03 2.857142857142856707e-03 6.885714285714285010e-01 5.999999999999999084e-02 2.857142857142856707e-03 1.457142857142856851e-01
9.090909090909092202e-03 9.090909090909092202e-03 9.090909090909092202e-03 9.090909090909092202e-03 9.090909090909092202e-03 9.090909090909092202e-03 9.181818181818183211e-01 9.090909090909092202e-03 9.090909090909092202e-03 9.090909090909092202e-03
2.500000000000000139e-02 2.500000000000000139e-02 2.500000000000000139e-02 2.500000000000000139e-02 2.500000000000000139e-02 2.500000000000000139e-02 7.750000000000000222e-01 2.500000000000000139e-02 2.500000000000000139e-02 2.500000000000000139e-02
1.250000000000000243e-02 2.625000000000000666e-01 1.250000000000000243e-02 1.250000000000000243e-02 1.250000000000000243e-02 1.250000000000000243e-02 6.375000000000000666e-01 1.250000000000000243e-02 1.250000000000000243e-02 1.250000000000000243e-02
5.780346820809248920e-04 2.947976878612716678e-02 2.780346820809248554e-01 4.104046242774566505e-02 1.213872832369942284e-02 6.994219653179190033e-02 6.994219653179190033e-02 4.682080924855491072e-02 4.514450867052022809e-01 5.780346820809248920e-04
7.142857142857144369e-03 7.142857142857144369e-03 7.142857142857144369e-03 7.142857142857144369e-03 7.142857142857144369e-03 7.142857142857144369e-03 9.357142857142858317e-01 7.142857142857144369e-03 7.142857142857144369e-03 7.142857142857144369e-03
2.000000000000000042e-03 2.419999999999999651e-01 2.199999999999999872e-02 2.000000000000000042e-03 2.199999999999999872e-02 1.019999999999999796e-01 5.219999999999999085e-01 2.000000000000000042e-03 8.199999999999997569e-02 2.000000000000000042e-03
